1
2
6
20
70
252
924
3432
12870
48620
184756
705432
2704156
10400600
40116600
155117520
101080388
333606212
75135264
345263660
346528270
257872288
98955304
430694668
103554110
105932110
30964430
417860356
70165678
379271976
91803100
393547684
112094000
138552120
428411296
417735962
286625178
103980428
278870110
472974278
343248392
405030228
172262324
239176628
82198480
380696210
136667608
179152660
417479278
448795504
317230190
266284278
304895406
302415756
309573548
436127878
68221224
323122748
177900548
290317426
368259120
92109946
494500754
303574414
314185952
300922698
240026464
266373720
28248590
488987156
341977556
442784092
231059026
294618046
48887908
247581288
168020378
388496566
402999168
279009346
21562146
419049520
214757842
203254068
165319744
269153804
465704660
30273698
359043118
169677116
430493416
465259518
448749816
269219692
252001750
2701696
177417166
334876556
475529148
210691754
108553178
209290866
421295014
206125778
368616076
19823992
3450232
238035504
225511726
439193476
457879472
138583116
176857764
306070740
87334346
439122874
136851440
292929666
488787650
413322230
438066878
253291194
815736
125200900
466526166
22640238
375915870
320578186
316366206
469862244
41451088
455247848
147427024
497265584
11491200
45794560
447210674
209321366
153092398
113763944
253430576
183886406
430138772
8245448
5089494
189253294
459900116
153071204
366973042
211288498
169003476
44636372
322695010
400940886
429725346
152066212
324263998
191014408
274297954
241540266
294391808
52792174
457430522
489753610
483529634
304015140
344927844
279772116
8614982
466310640
271521252
135540896
5703804
303096098
323843054
303099720
458954562
254361128
37058428
388043116
203416424
239594794
230471538
386580450
330163312
457624452
277190012
429324858
122306608
366239060
461101088
96120564
352231000
16672896
159303204
274040474
394385970
22778534
176742636
278058556
499453636
191849824
280351276
337854842
313793336
144794868
136026122
313321626
43543022
219209954
312847338
392973734
204980084
73864182
373884
196840896
63318758
432414952
312848656
273651710
114846366
148391378
344480904
435372214
72423026
291270566
489938274
367330726
444170876
373240958
137544340
300068750
348550266
401938826
112866932
146251838
426988268
472282280
133059514
499743834
482310798
273788324
97022810
383177472
242683838
301407318
251959290
70574328
72050744
476379276
