3600
1 1
1 2
1 3
1 4
1 5
1 6
1 7
1 8
1 9
1 10
1 12
1 14
1 15
1 16
1 18
1 20
1 21
1 24
1 25
1 27
1 28
1 30
1 32
1 35
1 36
1 40
1 42
1 45
1 48
1 49
1 50
1 54
1 56
1 60
1 63
1 64
1 70
1 72
1 75
1 80
1 81
1 84
1 90
1 96
1 98
1 100
1 105
1 108
1 112
1 120
1 125
1 126
1 128
1 135
1 140
1 144
1 147
1 150
1 160
1 162
1 168
1 175
1 180
1 189
1 192
1 196
1 200
1 210
1 216
1 224
1 225
1 240
1 243
1 245
1 250
1 252
1 256
1 270
1 280
1 288
1 294
1 300
1 315
1 320
1 324
1 336
1 343
1 350
1 360
1 375
1 378
1 384
1 392
1 400
1 405
1 420
1 432
1 441
1 448
1 450
2 1
2 2
2 3
2 4
2 5
2 6
2 7
2 8
2 9
2 10
2 12
2 14
2 15
2 16
2 18
2 20
2 21
2 24
2 25
2 27
2 28
2 30
2 32
2 35
2 36
2 40
2 42
2 45
2 48
2 49
2 50
2 54
2 56
2 60
2 63
2 64
2 70
2 72
2 75
2 80
2 81
2 84
2 90
2 96
2 98
2 100
2 105
2 108
2 112
2 120
2 125
2 126
2 128
2 135
2 140
2 144
2 147
2 150
2 160
2 162
2 168
2 175
2 180
2 189
2 192
2 196
2 200
2 210
2 216
2 224
2 225
2 240
2 243
2 245
2 250
2 252
2 256
2 270
2 280
2 288
2 294
2 300
2 315
2 320
2 324
2 336
2 343
2 350
2 360
2 375
2 378
2 384
2 392
2 400
2 405
2 420
2 432
2 441
2 448
2 450
3 1
3 2
3 3
3 4
3 5
3 6
3 7
3 8
3 9
3 10
3 12
3 14
3 15
3 16
3 18
3 20
3 21
3 24
3 25
3 27
3 28
3 30
3 32
3 35
3 36
3 40
3 42
3 45
3 48
3 49
3 50
3 54
3 56
3 60
3 63
3 64
3 70
3 72
3 75
3 80
3 81
3 84
3 90
3 96
3 98
3 100
3 105
3 108
3 112
3 120
3 125
3 126
3 128
3 135
3 140
3 144
3 147
3 150
3 160
3 162
3 168
3 175
3 180
3 189
3 192
3 196
3 200
3 210
3 216
3 224
3 225
3 240
3 243
3 245
3 250
3 252
3 256
3 270
3 280
3 288
3 294
3 300
3 315
3 320
3 324
3 336
3 343
3 350
3 360
3 375
3 378
3 384
3 392
3 400
3 405
3 420
3 432
3 441
3 448
3 450
4 1
4 2
4 3
4 4
4 5
4 6
4 7
4 8
4 9
4 10
4 12
4 14
4 15
4 16
4 18
4 20
4 21
4 24
4 25
4 27
4 28
4 30
4 32
4 35
4 36
4 40
4 42
4 45
4 48
4 49
4 50
4 54
4 56
4 60
4 63
4 64
4 70
4 72
4 75
4 80
4 81
4 84
4 90
4 96
4 98
4 100
4 105
4 108
4 112
4 120
4 125
4 126
4 128
4 135
4 140
4 144
4 147
4 150
4 160
4 162
4 168
4 175
4 180
4 189
4 192
4 196
4 200
4 210
4 216
4 224
4 225
4 240
4 243
4 245
4 250
4 252
4 256
4 270
4 280
4 288
4 294
4 300
4 315
4 320
4 324
4 336
4 343
4 350
4 360
4 375
4 378
4 384
4 392
4 400
4 405
4 420
4 432
4 441
4 448
4 450
5 1
5 2
5 3
5 4
5 5
5 6
5 7
5 8
5 9
5 10
5 12
5 14
5 15
5 16
5 18
5 20
5 21
5 24
5 25
5 27
5 28
5 30
5 32
5 35
5 36
5 40
5 42
5 45
5 48
5 49
5 50
5 54
5 56
5 60
5 63
5 64
5 70
5 72
5 75
5 80
5 81
5 84
5 90
5 96
5 98
5 100
5 105
5 108
5 112
5 120
5 125
5 126
5 128
5 135
5 140
5 144
5 147
5 150
5 160
5 162
5 168
5 175
5 180
5 189
5 192
5 196
5 200
5 210
5 216
5 224
5 225
5 240
5 243
5 245
5 250
5 252
5 256
5 270
5 280
5 288
5 294
5 300
5 315
5 320
5 324
5 336
5 343
5 350
5 360
5 375
5 378
5 384
5 392
5 400
5 405
5 420
5 432
5 441
5 448
5 450
6 1
6 2
6 3
6 4
6 5
6 6
6 7
6 8
6 9
6 10
6 12
6 14
6 15
6 16
6 18
6 20
6 21
6 24
6 25
6 27
6 28
6 30
6 32
6 35
6 36
6 40
6 42
6 45
6 48
6 49
6 50
6 54
6 56
6 60
6 63
6 64
6 70
6 72
6 75
6 80
6 81
6 84
6 90
6 96
6 98
6 100
6 105
6 108
6 112
6 120
6 125
6 126
6 128
6 135
6 140
6 144
6 147
6 150
6 160
6 162
6 168
6 175
6 180
6 189
6 192
6 196
6 200
6 210
6 216
6 224
6 225
6 240
6 243
6 245
6 250
6 252
6 256
6 270
6 280
6 288
6 294
6 300
6 315
6 320
6 324
6 336
6 343
6 350
6 360
6 375
6 378
6 384
6 392
6 400
6 405
6 420
6 432
6 441
6 448
6 450
7 1
7 2
7 3
7 4
7 5
7 6
7 7
7 8
7 9
7 10
7 12
7 14
7 15
7 16
7 18
7 20
7 21
7 24
7 25
7 27
7 28
7 30
7 32
7 35
7 36
7 40
7 42
7 45
7 48
7 49
7 50
7 54
7 56
7 60
7 63
7 64
7 70
7 72
7 75
7 80
7 81
7 84
7 90
7 96
7 98
7 100
7 105
7 108
7 112
7 120
7 125
7 126
7 128
7 135
7 140
7 144
7 147
7 150
7 160
7 162
7 168
7 175
7 180
7 189
7 192
7 196
7 200
7 210
7 216
7 224
7 225
7 240
7 243
7 245
7 250
7 252
7 256
7 270
7 280
7 288
7 294
7 300
7 315
7 320
7 324
7 336
7 343
7 350
7 360
7 375
7 378
7 384
7 392
7 400
7 405
7 420
7 432
7 441
7 448
7 450
8 1
8 2
8 3
8 4
8 5
8 6
8 7
8 8
8 9
8 10
8 12
8 14
8 15
8 16
8 18
8 20
8 21
8 24
8 25
8 27
8 28
8 30
8 32
8 35
8 36
8 40
8 42
8 45
8 48
8 49
8 50
8 54
8 56
8 60
8 63
8 64
8 70
8 72
8 75
8 80
8 81
8 84
8 90
8 96
8 98
8 100
8 105
8 108
8 112
8 120
8 125
8 126
8 128
8 135
8 140
8 144
8 147
8 150
8 160
8 162
8 168
8 175
8 180
8 189
8 192
8 196
8 200
8 210
8 216
8 224
8 225
8 240
8 243
8 245
8 250
8 252
8 256
8 270
8 280
8 288
8 294
8 300
8 315
8 320
8 324
8 336
8 343
8 350
8 360
8 375
8 378
8 384
8 392
8 400
8 405
8 420
8 432
8 441
8 448
8 450
9 1
9 2
9 3
9 4
9 5
9 6
9 7
9 8
9 9
9 10
9 12
9 14
9 15
9 16
9 18
9 20
9 21
9 24
9 25
9 27
9 28
9 30
9 32
9 35
9 36
9 40
9 42
9 45
9 48
9 49
9 50
9 54
9 56
9 60
9 63
9 64
9 70
9 72
9 75
9 80
9 81
9 84
9 90
9 96
9 98
9 100
9 105
9 108
9 112
9 120
9 125
9 126
9 128
9 135
9 140
9 144
9 147
9 150
9 160
9 162
9 168
9 175
9 180
9 189
9 192
9 196
9 200
9 210
9 216
9 224
9 225
9 240
9 243
9 245
9 250
9 252
9 256
9 270
9 280
9 288
9 294
9 300
9 315
9 320
9 324
9 336
9 343
9 350
9 360
9 375
9 378
9 384
9 392
9 400
9 405
9 420
9 432
9 441
9 448
9 450
10 1
10 2
10 3
10 4
10 5
10 6
10 7
10 8
10 9
10 10
10 12
10 14
10 15
10 16
10 18
10 20
10 21
10 24
10 25
10 27
10 28
10 30
10 32
10 35
10 36
10 40
10 42
10 45
10 48
10 49
10 50
10 54
10 56
10 60
10 63
10 64
10 70
10 72
10 75
10 80
10 81
10 84
10 90
10 96
10 98
10 100
10 105
10 108
10 112
10 120
10 125
10 126
10 128
10 135
10 140
10 144
10 147
10 150
10 160
10 162
10 168
10 175
10 180
10 189
10 192
10 196
10 200
10 210
10 216
10 224
10 225
10 240
10 243
10 245
10 250
10 252
10 256
10 270
10 280
10 288
10 294
10 300
10 315
10 320
10 324
10 336
10 343
10 350
10 360
10 375
10 378
10 384
10 392
10 400
10 405
10 420
10 432
10 441
10 448
10 450
11 1
11 2
11 3
11 4
11 5
11 6
11 7
11 8
11 9
11 10
11 12
11 14
11 15
11 16
11 18
11 20
11 21
11 24
11 25
11 27
11 28
11 30
11 32
11 35
11 36
11 40
11 42
11 45
11 48
11 49
11 50
11 54
11 56
11 60
11 63
11 64
11 70
11 72
11 75
11 80
11 81
11 84
11 90
11 96
11 98
11 100
11 105
11 108
11 112
11 120
11 125
11 126
11 128
11 135
11 140
11 144
11 147
11 150
11 160
11 162
11 168
11 175
11 180
11 189
11 192
11 196
11 200
11 210
11 216
11 224
11 225
11 240
11 243
11 245
11 250
11 252
11 256
11 270
11 280
11 288
11 294
11 300
11 315
11 320
11 324
11 336
11 343
11 350
11 360
11 375
11 378
11 384
11 392
11 400
11 405
11 420
11 432
11 441
11 448
11 450
12 1
12 2
12 3
12 4
12 5
12 6
12 7
12 8
12 9
12 10
12 12
12 14
12 15
12 16
12 18
12 20
12 21
12 24
12 25
12 27
12 28
12 30
12 32
12 35
12 36
12 40
12 42
12 45
12 48
12 49
12 50
12 54
12 56
12 60
12 63
12 64
12 70
12 72
12 75
12 80
12 81
12 84
12 90
12 96
12 98
12 100
12 105
12 108
12 112
12 120
12 125
12 126
12 128
12 135
12 140
12 144
12 147
12 150
12 160
12 162
12 168
12 175
12 180
12 189
12 192
12 196
12 200
12 210
12 216
12 224
12 225
12 240
12 243
12 245
12 250
12 252
12 256
12 270
12 280
12 288
12 294
12 300
12 315
12 320
12 324
12 336
12 343
12 350
12 360
12 375
12 378
12 384
12 392
12 400
12 405
12 420
12 432
12 441
12 448
12 450
13 1
13 2
13 3
13 4
13 5
13 6
13 7
13 8
13 9
13 10
13 12
13 14
13 15
13 16
13 18
13 20
13 21
13 24
13 25
13 27
13 28
13 30
13 32
13 35
13 36
13 40
13 42
13 45
13 48
13 49
13 50
13 54
13 56
13 60
13 63
13 64
13 70
13 72
13 75
13 80
13 81
13 84
13 90
13 96
13 98
13 100
13 105
13 108
13 112
13 120
13 125
13 126
13 128
13 135
13 140
13 144
13 147
13 150
13 160
13 162
13 168
13 175
13 180
13 189
13 192
13 196
13 200
13 210
13 216
13 224
13 225
13 240
13 243
13 245
13 250
13 252
13 256
13 270
13 280
13 288
13 294
13 300
13 315
13 320
13 324
13 336
13 343
13 350
13 360
13 375
13 378
13 384
13 392
13 400
13 405
13 420
13 432
13 441
13 448
13 450
14 1
14 2
14 3
14 4
14 5
14 6
14 7
14 8
14 9
14 10
14 12
14 14
14 15
14 16
14 18
14 20
14 21
14 24
14 25
14 27
14 28
14 30
14 32
14 35
14 36
14 40
14 42
14 45
14 48
14 49
14 50
14 54
14 56
14 60
14 63
14 64
14 70
14 72
14 75
14 80
14 81
14 84
14 90
14 96
14 98
14 100
14 105
14 108
14 112
14 120
14 125
14 126
14 128
14 135
14 140
14 144
14 147
14 150
14 160
14 162
14 168
14 175
14 180
14 189
14 192
14 196
14 200
14 210
14 216
14 224
14 225
14 240
14 243
14 245
14 250
14 252
14 256
14 270
14 280
14 288
14 294
14 300
14 315
14 320
14 324
14 336
14 343
14 350
14 360
14 375
14 378
14 384
14 392
14 400
14 405
14 420
14 432
14 441
14 448
14 450
15 1
15 2
15 3
15 4
15 5
15 6
15 7
15 8
15 9
15 10
15 12
15 14
15 15
15 16
15 18
15 20
15 21
15 24
15 25
15 27
15 28
15 30
15 32
15 35
15 36
15 40
15 42
15 45
15 48
15 49
15 50
15 54
15 56
15 60
15 63
15 64
15 70
15 72
15 75
15 80
15 81
15 84
15 90
15 96
15 98
15 100
15 105
15 108
15 112
15 120
15 125
15 126
15 128
15 135
15 140
15 144
15 147
15 150
15 160
15 162
15 168
15 175
15 180
15 189
15 192
15 196
15 200
15 210
15 216
15 224
15 225
15 240
15 243
15 245
15 250
15 252
15 256
15 270
15 280
15 288
15 294
15 300
15 315
15 320
15 324
15 336
15 343
15 350
15 360
15 375
15 378
15 384
15 392
15 400
15 405
15 420
15 432
15 441
15 448
15 450
16 1
16 2
16 3
16 4
16 5
16 6
16 7
16 8
16 9
16 10
16 12
16 14
16 15
16 16
16 18
16 20
16 21
16 24
16 25
16 27
16 28
16 30
16 32
16 35
16 36
16 40
16 42
16 45
16 48
16 49
16 50
16 54
16 56
16 60
16 63
16 64
16 70
16 72
16 75
16 80
16 81
16 84
16 90
16 96
16 98
16 100
16 105
16 108
16 112
16 120
16 125
16 126
16 128
16 135
16 140
16 144
16 147
16 150
16 160
16 162
16 168
16 175
16 180
16 189
16 192
16 196
16 200
16 210
16 216
16 224
16 225
16 240
16 243
16 245
16 250
16 252
16 256
16 270
16 280
16 288
16 294
16 300
16 315
16 320
16 324
16 336
16 343
16 350
16 360
16 375
16 378
16 384
16 392
16 400
16 405
16 420
16 432
16 441
16 448
16 450
17 1
17 2
17 3
17 4
17 5
17 6
17 7
17 8
17 9
17 10
17 12
17 14
17 15
17 16
17 18
17 20
17 21
17 24
17 25
17 27
17 28
17 30
17 32
17 35
17 36
17 40
17 42
17 45
17 48
17 49
17 50
17 54
17 56
17 60
17 63
17 64
17 70
17 72
17 75
17 80
17 81
17 84
17 90
17 96
17 98
17 100
17 105
17 108
17 112
17 120
17 125
17 126
17 128
17 135
17 140
17 144
17 147
17 150
17 160
17 162
17 168
17 175
17 180
17 189
17 192
17 196
17 200
17 210
17 216
17 224
17 225
17 240
17 243
17 245
17 250
17 252
17 256
17 270
17 280
17 288
17 294
17 300
17 315
17 320
17 324
17 336
17 343
17 350
17 360
17 375
17 378
17 384
17 392
17 400
17 405
17 420
17 432
17 441
17 448
17 450
18 1
18 2
18 3
18 4
18 5
18 6
18 7
18 8
18 9
18 10
18 12
18 14
18 15
18 16
18 18
18 20
18 21
18 24
18 25
18 27
18 28
18 30
18 32
18 35
18 36
18 40
18 42
18 45
18 48
18 49
18 50
18 54
18 56
18 60
18 63
18 64
18 70
18 72
18 75
18 80
18 81
18 84
18 90
18 96
18 98
18 100
18 105
18 108
18 112
18 120
18 125
18 126
18 128
18 135
18 140
18 144
18 147
18 150
18 160
18 162
18 168
18 175
18 180
18 189
18 192
18 196
18 200
18 210
18 216
18 224
18 225
18 240
18 243
18 245
18 250
18 252
18 256
18 270
18 280
18 288
18 294
18 300
18 315
18 320
18 324
18 336
18 343
18 350
18 360
18 375
18 378
18 384
18 392
18 400
18 405
18 420
18 432
18 441
18 448
18 450
19 1
19 2
19 3
19 4
19 5
19 6
19 7
19 8
19 9
19 10
19 12
19 14
19 15
19 16
19 18
19 20
19 21
19 24
19 25
19 27
19 28
19 30
19 32
19 35
19 36
19 40
19 42
19 45
19 48
19 49
19 50
19 54
19 56
19 60
19 63
19 64
19 70
19 72
19 75
19 80
19 81
19 84
19 90
19 96
19 98
19 100
19 105
19 108
19 112
19 120
19 125
19 126
19 128
19 135
19 140
19 144
19 147
19 150
19 160
19 162
19 168
19 175
19 180
19 189
19 192
19 196
19 200
19 210
19 216
19 224
19 225
19 240
19 243
19 245
19 250
19 252
19 256
19 270
19 280
19 288
19 294
19 300
19 315
19 320
19 324
19 336
19 343
19 350
19 360
19 375
19 378
19 384
19 392
19 400
19 405
19 420
19 432
19 441
19 448
19 450
20 1
20 2
20 3
20 4
20 5
20 6
20 7
20 8
20 9
20 10
20 12
20 14
20 15
20 16
20 18
20 20
20 21
20 24
20 25
20 27
20 28
20 30
20 32
20 35
20 36
20 40
20 42
20 45
20 48
20 49
20 50
20 54
20 56
20 60
20 63
20 64
20 70
20 72
20 75
20 80
20 81
20 84
20 90
20 96
20 98
20 100
20 105
20 108
20 112
20 120
20 125
20 126
20 128
20 135
20 140
20 144
20 147
20 150
20 160
20 162
20 168
20 175
20 180
20 189
20 192
20 196
20 200
20 210
20 216
20 224
20 225
20 240
20 243
20 245
20 250
20 252
20 256
20 270
20 280
20 288
20 294
20 300
20 315
20 320
20 324
20 336
20 343
20 350
20 360
20 375
20 378
20 384
20 392
20 400
20 405
20 420
20 432
20 441
20 448
20 450
21 1
21 2
21 3
21 4
21 5
21 6
21 7
21 8
21 9
21 10
21 12
21 14
21 15
21 16
21 18
21 20
21 21
21 24
21 25
21 27
21 28
21 30
21 32
21 35
21 36
21 40
21 42
21 45
21 48
21 49
21 50
21 54
21 56
21 60
21 63
21 64
21 70
21 72
21 75
21 80
21 81
21 84
21 90
21 96
21 98
21 100
21 105
21 108
21 112
21 120
21 125
21 126
21 128
21 135
21 140
21 144
21 147
21 150
21 160
21 162
21 168
21 175
21 180
21 189
21 192
21 196
21 200
21 210
21 216
21 224
21 225
21 240
21 243
21 245
21 250
21 252
21 256
21 270
21 280
21 288
21 294
21 300
21 315
21 320
21 324
21 336
21 343
21 350
21 360
21 375
21 378
21 384
21 392
21 400
21 405
21 420
21 432
21 441
21 448
21 450
22 1
22 2
22 3
22 4
22 5
22 6
22 7
22 8
22 9
22 10
22 12
22 14
22 15
22 16
22 18
22 20
22 21
22 24
22 25
22 27
22 28
22 30
22 32
22 35
22 36
22 40
22 42
22 45
22 48
22 49
22 50
22 54
22 56
22 60
22 63
22 64
22 70
22 72
22 75
22 80
22 81
22 84
22 90
22 96
22 98
22 100
22 105
22 108
22 112
22 120
22 125
22 126
22 128
22 135
22 140
22 144
22 147
22 150
22 160
22 162
22 168
22 175
22 180
22 189
22 192
22 196
22 200
22 210
22 216
22 224
22 225
22 240
22 243
22 245
22 250
22 252
22 256
22 270
22 280
22 288
22 294
22 300
22 315
22 320
22 324
22 336
22 343
22 350
22 360
22 375
22 378
22 384
22 392
22 400
22 405
22 420
22 432
22 441
22 448
22 450
23 1
23 2
23 3
23 4
23 5
23 6
23 7
23 8
23 9
23 10
23 12
23 14
23 15
23 16
23 18
23 20
23 21
23 24
23 25
23 27
23 28
23 30
23 32
23 35
23 36
23 40
23 42
23 45
23 48
23 49
23 50
23 54
23 56
23 60
23 63
23 64
23 70
23 72
23 75
23 80
23 81
23 84
23 90
23 96
23 98
23 100
23 105
23 108
23 112
23 120
23 125
23 126
23 128
23 135
23 140
23 144
23 147
23 150
23 160
23 162
23 168
23 175
23 180
23 189
23 192
23 196
23 200
23 210
23 216
23 224
23 225
23 240
23 243
23 245
23 250
23 252
23 256
23 270
23 280
23 288
23 294
23 300
23 315
23 320
23 324
23 336
23 343
23 350
23 360
23 375
23 378
23 384
23 392
23 400
23 405
23 420
23 432
23 441
23 448
23 450
24 1
24 2
24 3
24 4
24 5
24 6
24 7
24 8
24 9
24 10
24 12
24 14
24 15
24 16
24 18
24 20
24 21
24 24
24 25
24 27
24 28
24 30
24 32
24 35
24 36
24 40
24 42
24 45
24 48
24 49
24 50
24 54
24 56
24 60
24 63
24 64
24 70
24 72
24 75
24 80
24 81
24 84
24 90
24 96
24 98
24 100
24 105
24 108
24 112
24 120
24 125
24 126
24 128
24 135
24 140
24 144
24 147
24 150
24 160
24 162
24 168
24 175
24 180
24 189
24 192
24 196
24 200
24 210
24 216
24 224
24 225
24 240
24 243
24 245
24 250
24 252
24 256
24 270
24 280
24 288
24 294
24 300
24 315
24 320
24 324
24 336
24 343
24 350
24 360
24 375
24 378
24 384
24 392
24 400
24 405
24 420
24 432
24 441
24 448
24 450
25 1
25 2
25 3
25 4
25 5
25 6
25 7
25 8
25 9
25 10
25 12
25 14
25 15
25 16
25 18
25 20
25 21
25 24
25 25
25 27
25 28
25 30
25 32
25 35
25 36
25 40
25 42
25 45
25 48
25 49
25 50
25 54
25 56
25 60
25 63
25 64
25 70
25 72
25 75
25 80
25 81
25 84
25 90
25 96
25 98
25 100
25 105
25 108
25 112
25 120
25 125
25 126
25 128
25 135
25 140
25 144
25 147
25 150
25 160
25 162
25 168
25 175
25 180
25 189
25 192
25 196
25 200
25 210
25 216
25 224
25 225
25 240
25 243
25 245
25 250
25 252
25 256
25 270
25 280
25 288
25 294
25 300
25 315
25 320
25 324
25 336
25 343
25 350
25 360
25 375
25 378
25 384
25 392
25 400
25 405
25 420
25 432
25 441
25 448
25 450
26 1
26 2
26 3
26 4
26 5
26 6
26 7
26 8
26 9
26 10
26 12
26 14
26 15
26 16
26 18
26 20
26 21
26 24
26 25
26 27
26 28
26 30
26 32
26 35
26 36
26 40
26 42
26 45
26 48
26 49
26 50
26 54
26 56
26 60
26 63
26 64
26 70
26 72
26 75
26 80
26 81
26 84
26 90
26 96
26 98
26 100
26 105
26 108
26 112
26 120
26 125
26 126
26 128
26 135
26 140
26 144
26 147
26 150
26 160
26 162
26 168
26 175
26 180
26 189
26 192
26 196
26 200
26 210
26 216
26 224
26 225
26 240
26 243
26 245
26 250
26 252
26 256
26 270
26 280
26 288
26 294
26 300
26 315
26 320
26 324
26 336
26 343
26 350
26 360
26 375
26 378
26 384
26 392
26 400
26 405
26 420
26 432
26 441
26 448
26 450
27 1
27 2
27 3
27 4
27 5
27 6
27 7
27 8
27 9
27 10
27 12
27 14
27 15
27 16
27 18
27 20
27 21
27 24
27 25
27 27
27 28
27 30
27 32
27 35
27 36
27 40
27 42
27 45
27 48
27 49
27 50
27 54
27 56
27 60
27 63
27 64
27 70
27 72
27 75
27 80
27 81
27 84
27 90
27 96
27 98
27 100
27 105
27 108
27 112
27 120
27 125
27 126
27 128
27 135
27 140
27 144
27 147
27 150
27 160
27 162
27 168
27 175
27 180
27 189
27 192
27 196
27 200
27 210
27 216
27 224
27 225
27 240
27 243
27 245
27 250
27 252
27 256
27 270
27 280
27 288
27 294
27 300
27 315
27 320
27 324
27 336
27 343
27 350
27 360
27 375
27 378
27 384
27 392
27 400
27 405
27 420
27 432
27 441
27 448
27 450
28 1
28 2
28 3
28 4
28 5
28 6
28 7
28 8
28 9
28 10
28 12
28 14
28 15
28 16
28 18
28 20
28 21
28 24
28 25
28 27
28 28
28 30
28 32
28 35
28 36
28 40
28 42
28 45
28 48
28 49
28 50
28 54
28 56
28 60
28 63
28 64
28 70
28 72
28 75
28 80
28 81
28 84
28 90
28 96
28 98
28 100
28 105
28 108
28 112
28 120
28 125
28 126
28 128
28 135
28 140
28 144
28 147
28 150
28 160
28 162
28 168
28 175
28 180
28 189
28 192
28 196
28 200
28 210
28 216
28 224
28 225
28 240
28 243
28 245
28 250
28 252
28 256
28 270
28 280
28 288
28 294
28 300
28 315
28 320
28 324
28 336
28 343
28 350
28 360
28 375
28 378
28 384
28 392
28 400
28 405
28 420
28 432
28 441
28 448
28 450
29 1
29 2
29 3
29 4
29 5
29 6
29 7
29 8
29 9
29 10
29 12
29 14
29 15
29 16
29 18
29 20
29 21
29 24
29 25
29 27
29 28
29 30
29 32
29 35
29 36
29 40
29 42
29 45
29 48
29 49
29 50
29 54
29 56
29 60
29 63
29 64
29 70
29 72
29 75
29 80
29 81
29 84
29 90
29 96
29 98
29 100
29 105
29 108
29 112
29 120
29 125
29 126
29 128
29 135
29 140
29 144
29 147
29 150
29 160
29 162
29 168
29 175
29 180
29 189
29 192
29 196
29 200
29 210
29 216
29 224
29 225
29 240
29 243
29 245
29 250
29 252
29 256
29 270
29 280
29 288
29 294
29 300
29 315
29 320
29 324
29 336
29 343
29 350
29 360
29 375
29 378
29 384
29 392
29 400
29 405
29 420
29 432
29 441
29 448
29 450
30 1
30 2
30 3
30 4
30 5
30 6
30 7
30 8
30 9
30 10
30 12
30 14
30 15
30 16
30 18
30 20
30 21
30 24
30 25
30 27
30 28
30 30
30 32
30 35
30 36
30 40
30 42
30 45
30 48
30 49
30 50
30 54
30 56
30 60
30 63
30 64
30 70
30 72
30 75
30 80
30 81
30 84
30 90
30 96
30 98
30 100
30 105
30 108
30 112
30 120
30 125
30 126
30 128
30 135
30 140
30 144
30 147
30 150
30 160
30 162
30 168
30 175
30 180
30 189
30 192
30 196
30 200
30 210
30 216
30 224
30 225
30 240
30 243
30 245
30 250
30 252
30 256
30 270
30 280
30 288
30 294
30 300
30 315
30 320
30 324
30 336
30 343
30 350
30 360
30 375
30 378
30 384
30 392
30 400
30 405
30 420
30 432
30 441
30 448
30 450
31 1
31 2
31 3
31 4
31 5
31 6
31 7
31 8
31 9
31 10
31 12
31 14
31 15
31 16
31 18
31 20
31 21
31 24
31 25
31 27
31 28
31 30
31 32
31 35
31 36
31 40
31 42
31 45
31 48
31 49
31 50
31 54
31 56
31 60
31 63
31 64
31 70
31 72
31 75
31 80
31 81
31 84
31 90
31 96
31 98
31 100
31 105
31 108
31 112
31 120
31 125
31 126
31 128
31 135
31 140
31 144
31 147
31 150
31 160
31 162
31 168
31 175
31 180
31 189
31 192
31 196
31 200
31 210
31 216
31 224
31 225
31 240
31 243
31 245
31 250
31 252
31 256
31 270
31 280
31 288
31 294
31 300
31 315
31 320
31 324
31 336
31 343
31 350
31 360
31 375
31 378
31 384
31 392
31 400
31 405
31 420
31 432
31 441
31 448
31 450
32 1
32 2
32 3
32 4
32 5
32 6
32 7
32 8
32 9
32 10
32 12
32 14
32 15
32 16
32 18
32 20
32 21
32 24
32 25
32 27
32 28
32 30
32 32
32 35
32 36
32 40
32 42
32 45
32 48
32 49
32 50
32 54
32 56
32 60
32 63
32 64
32 70
32 72
32 75
32 80
32 81
32 84
32 90
32 96
32 98
32 100
32 105
32 108
32 112
32 120
32 125
32 126
32 128
32 135
32 140
32 144
32 147
32 150
32 160
32 162
32 168
32 175
32 180
32 189
32 192
32 196
32 200
32 210
32 216
32 224
32 225
32 240
32 243
32 245
32 250
32 252
32 256
32 270
32 280
32 288
32 294
32 300
32 315
32 320
32 324
32 336
32 343
32 350
32 360
32 375
32 378
32 384
32 392
32 400
32 405
32 420
32 432
32 441
32 448
32 450
33 1
33 2
33 3
33 4
33 5
33 6
33 7
33 8
33 9
33 10
33 12
33 14
33 15
33 16
33 18
33 20
33 21
33 24
33 25
33 27
33 28
33 30
33 32
33 35
33 36
33 40
33 42
33 45
33 48
33 49
33 50
33 54
33 56
33 60
33 63
33 64
33 70
33 72
33 75
33 80
33 81
33 84
33 90
33 96
33 98
33 100
33 105
33 108
33 112
33 120
33 125
33 126
33 128
33 135
33 140
33 144
33 147
33 150
33 160
33 162
33 168
33 175
33 180
33 189
33 192
33 196
33 200
33 210
33 216
33 224
33 225
33 240
33 243
33 245
33 250
33 252
33 256
33 270
33 280
33 288
33 294
33 300
33 315
33 320
33 324
33 336
33 343
33 350
33 360
33 375
33 378
33 384
33 392
33 400
33 405
33 420
33 432
33 441
33 448
33 450
34 1
34 2
34 3
34 4
34 5
34 6
34 7
34 8
34 9
34 10
34 12
34 14
34 15
34 16
34 18
34 20
34 21
34 24
34 25
34 27
34 28
34 30
34 32
34 35
34 36
34 40
34 42
34 45
34 48
34 49
34 50
34 54
34 56
34 60
34 63
34 64
34 70
34 72
34 75
34 80
34 81
34 84
34 90
34 96
34 98
34 100
34 105
34 108
34 112
34 120
34 125
34 126
34 128
34 135
34 140
34 144
34 147
34 150
34 160
34 162
34 168
34 175
34 180
34 189
34 192
34 196
34 200
34 210
34 216
34 224
34 225
34 240
34 243
34 245
34 250
34 252
34 256
34 270
34 280
34 288
34 294
34 300
34 315
34 320
34 324
34 336
34 343
34 350
34 360
34 375
34 378
34 384
34 392
34 400
34 405
34 420
34 432
34 441
34 448
34 450
35 1
35 2
35 3
35 4
35 5
35 6
35 7
35 8
35 9
35 10
35 12
35 14
35 15
35 16
35 18
35 20
35 21
35 24
35 25
35 27
35 28
35 30
35 32
35 35
35 36
35 40
35 42
35 45
35 48
35 49
35 50
35 54
35 56
35 60
35 63
35 64
35 70
35 72
35 75
35 80
35 81
35 84
35 90
35 96
35 98
35 100
35 105
35 108
35 112
35 120
35 125
35 126
35 128
35 135
35 140
35 144
35 147
35 150
35 160
35 162
35 168
35 175
35 180
35 189
35 192
35 196
35 200
35 210
35 216
35 224
35 225
35 240
35 243
35 245
35 250
35 252
35 256
35 270
35 280
35 288
35 294
35 300
35 315
35 320
35 324
35 336
35 343
35 350
35 360
35 375
35 378
35 384
35 392
35 400
35 405
35 420
35 432
35 441
35 448
35 450
36 1
36 2
36 3
36 4
36 5
36 6
36 7
36 8
36 9
36 10
36 12
36 14
36 15
36 16
36 18
36 20
36 21
36 24
36 25
36 27
36 28
36 30
36 32
36 35
36 36
36 40
36 42
36 45
36 48
36 49
36 50
36 54
36 56
36 60
36 63
36 64
36 70
36 72
36 75
36 80
36 81
36 84
36 90
36 96
36 98
36 100
36 105
36 108
36 112
36 120
36 125
36 126
36 128
36 135
36 140
36 144
36 147
36 150
36 160
36 162
36 168
36 175
36 180
36 189
36 192
36 196
36 200
36 210
36 216
36 224
36 225
36 240
36 243
36 245
36 250
36 252
36 256
36 270
36 280
36 288
36 294
36 300
36 315
36 320
36 324
36 336
36 343
36 350
36 360
36 375
36 378
36 384
36 392
36 400
36 405
36 420
36 432
36 441
36 448
36 450
